[[[[67 23 20] [71 21 20] [66 21 18] [58 14 13] [49 8 6] [45 4 2] [52 12 10] [62 22 20] [68 27 25] [60.5 25.5 27] [48 20 17] [23 11 13] 
[-21 -18 -13] [-43 -36.5 -29.5] [-14 -9 -5] [70 74 75] [65 70 73] [35 40.5 36.5] [2 6 -19] [26.5 29.5 2.5] [54 57 30] [57.5 63.5 29.5] 
[65 70 40] [69 73 46] [71 75 48] [74 78 53] [77 81 56] [78 82 57] [78 87 60] [79 88 61] [80 89 62] [82 86 61] [85 88 67] [87 90 69] 
[88 91 70] [87 90 69] [87 90 69] [84 94 70] [86 96 72] [85 95 70.5] [87 96 69] [89 93 68] [90 93 74] [86 89 68] [86 89 70] [90 93 74] 
[89 92 73] [60.5 63.5 44.5] [-2 -1 -9] [-11 -15 -18] [-8 -12 -15] [8 6 7] [28 26 27] [36.5 34.5 35.5] [44 44 44] [43 43 43] 
[43 47 48] [52 56 55] [54 58 57] [54 58 57] [66 70 69] [94 95 89] [56 56 56] [45 46 41] [71 74 67] [65.5 70.5 63.5] [55 56 50]
[53.5 55.5 44.5] [48 51 32] [43 46 27] [38 41 22] [38 41 22] [39 42 23] [42 44 23] [48 50 29] [60 62 41] [71 73 52] [75 77 56]
[73 75 54] [71 73 52] [70 69 49] [70 70 46] [63 63 39] [56.5 60 33] [58 54 29] [47 47 21] [39 39 13] [28.5 28.5 2.5] [16 16 -10] 
[3.5 3 -19.5] [-16 -18 -33] [-46 -47 -49] [-50 -51 -43] [-36.5 -32.5 -23.5] [-24 -20 -11] [1 6 12] [88 89 91] [124.5 128.5 129.5] 
[134 138 137] [132 136 135] [132 136 135] [135 136 131] [135 136 131] [135 136 131] [135 136 131] [134 135 130] [133 134 129] 
[131.5 132.5 127.5] [133 134 129] [135 136 131] [133 134 129] [135 135 135] [137 137 137] [132.5 133.5 128.5] [98 102 101] [3.5 3.5 3.5] 
[105 105 105] [131.5 135.5 134.5] [126 127 122] [96.5 97.5 92.5] [83 84 79] [75.5 76.5 71.5] [67 68 63] [44.5 43.5 39.5] [43 42 38] 
[62.5 61.5 56.5] [74 73 68] [59 58 53] [59 58 53] [67.5 66.5 61.5] [64 69 62] [70.5 69.5 64.5] [77 76 71] [75.5 74.5 69.5] [72 73 68] 
[58 58.5 60.5] [50 54 55] [60 64 63] [63 67 66] [37 43 43] [36 42 42] [61.5 66.5 70.5] [28 33 36] [48.5 52.5 55.5] [84 89 92] [88 93 96] 
[101 106 109] [101 106 109] [106 111 114] [104 109 112] [108 112 115] [106 110 113] [101 105 108] [99 104 107] [92 97 100] 
[84 90 90] [89 93 94] [75 79 78] [75 75 75] [69 69 69] [53 53 53] [59.5 59.5 59.5] [34 34 34] [-26.5 -25.5 -30.5] [-6 -5 -10] 
[20.5 21.5 16.5] [50 51 46] [66 67 62] [70 71 66] [73 74 69] [74 75 70] [75 76 71] [73 74 69] [75 75.5 73] [76 76 76] [76 77 72] 
[76 77 72] [75.5 76.5 71.5] [77 78 73] [78 79 74] [79 80 75] [78 79 74] [79 80 75] [79 80 75] [78 79 74] [79 80 75] [79 80 75] 
[79 80 75] [79 80 75] [80 81 76] [80 81 76] [80 81 76] [79 80 75] [78 79 74] [78 79 74] [78 79 74] [77 78 73] [77 78 73] [76 77 72] 
[75.5 77 72] [75 80 73] [75 76 71] [77 78 73] [78.5 79.5 74.5] [79 80 75] [79.5 80.5 75.5] [79 80 75] [78 79 74] [77 78 73] [77 78 73]...